Normalizing Features ...
Running gradient descent ...
theta =

   3404.13
   1046.33
    541.24

hTheta =

  -3.9648e+005
  -3.2714e+005
  -3.6519e+005
  -2.3020e+005
  -5.3459e+005
  -2.9593e+005
  -3.1223e+005
  -1.9647e+005
  -2.0953e+005
  -2.3988e+005
  -2.3608e+005
  -3.4372e+005
  -3.2686e+005
  -6.9193e+005
  -2.5758e+005
  -4.4551e+005
  -2.9822e+005
  -1.9762e+005
  -4.9520e+005
  -5.9365e+005
  -2.4992e+005
  -2.5258e+005
  -2.4014e+005
  -2.5596e+005
  -5.6813e+005
  -2.4780e+005
  -4.6193e+005
  -4.6503e+005
  -4.7145e+005
  -2.9578e+005
  -3.4754e+005
  -1.6936e+005
  -3.1085e+005
  -5.7512e+005
  -2.8216e+005
  -2.4736e+005
  -2.2762e+005
  -3.4083e+005
  -5.4209e+005
  -2.8279e+005
  -3.6637e+005
  -3.2630e+005
  -3.0926e+005
  -2.9677e+005
  -1.7884e+005
  -2.9610e+005
  -2.3727e+005

j =   6.4301e+010
theta =

   6774.2
   2079.5
   1071.4

hTheta =

  -3.9310e+005
  -3.2441e+005
  -3.6142e+005
  -2.2840e+005
  -5.2934e+005
  -2.9200e+005
  -3.0959e+005
  -1.9397e+005
  -2.0709e+005
  -2.3729e+005
  -2.3222e+005
  -3.4047e+005
  -3.2375e+005
  -6.8407e+005
  -2.5528e+005
  -4.4117e+005
  -2.9655e+005
  -1.9537e+005
  -4.9046e+005
  -5.8836e+005
  -2.4698e+005
  -2.5017e+005
  -2.3740e+005
  -2.5206e+005
  -5.6242e+005
  -2.4572e+005
  -4.5939e+005
  -4.6109e+005
  -4.6794e+005
  -2.9170e+005
  -3.4520e+005
  -1.6880e+005
  -3.0685e+005
  -5.7039e+005
  -2.7845e+005
  -2.4484e+005
  -2.2536e+005
  -3.3671e+005
  -5.3526e+005
  -2.7864e+005
  -3.6425e+005
  -3.2274e+005
  -3.0458e+005
  -2.9456e+005
  -1.7778e+005
  -2.9235e+005
  -2.3505e+005

j =   6.3037e+010
theta =

  1.0111e+004
  3.0996e+003
  1.5908e+003

hTheta =

  -3.8974e+005
  -3.2171e+005
  -3.5769e+005
  -2.2662e+005
  -5.2416e+005
  -2.8812e+005
  -3.0697e+005
  -1.9148e+005
  -2.0467e+005
  -2.3472e+005
  -2.2839e+005
  -3.3725e+005
  -3.2068e+005
  -6.7630e+005
  -2.5300e+005
  -4.3689e+005
  -2.9489e+005
  -1.9313e+005
  -4.8578e+005
  -5.8314e+005
  -2.4406e+005
  -2.4778e+005
  -2.3469e+005
  -2.4821e+005
  -5.5678e+005
  -2.4366e+005
  -4.5686e+005
  -4.5720e+005
  -4.6447e+005
  -2.8766e+005
  -3.4287e+005
  -1.6823e+005
  -3.0290e+005
  -5.6571e+005
  -2.7479e+005
  -2.4234e+005
  -2.2312e+005
  -3.3264e+005
  -5.2852e+005
  -2.7453e+005
  -3.6215e+005
  -3.1922e+005
  -2.9995e+005
  -2.9237e+005
  -1.7672e+005
  -2.8863e+005
  -2.3286e+005

j =   6.1799e+010
theta =

  1.3414e+004
  4.1068e+003
  2.0995e+003

hTheta =

  -3.8642e+005
  -3.1903e+005
  -3.5399e+005
  -2.2484e+005
  -5.1903e+005
  -2.8428e+005
  -3.0437e+005
  -1.8902e+005
  -2.0226e+005
  -2.3217e+005
  -2.2461e+005
  -3.3406e+005
  -3.1763e+005
  -6.6864e+005
  -2.5074e+005
  -4.3265e+005
  -2.9323e+005
  -1.9091e+005
  -4.8115e+005
  -5.7797e+005
  -2.4116e+005
  -2.4540e+005
  -2.3201e+005
  -2.4440e+005
  -5.5119e+005
  -2.4161e+005
  -4.5436e+005
  -4.5334e+005
  -4.6103e+005
  -2.8367e+005
  -3.4055e+005
  -1.6765e+005
  -2.9899e+005
  -5.6108e+005
  -2.7118e+005
  -2.3987e+005
  -2.2089e+005
  -3.2862e+005
  -5.2185e+005
  -2.7046e+005
  -3.6005e+005
  -3.1573e+005
  -2.9537e+005
  -2.9019e+005
  -1.7565e+005
  -2.8497e+005
  -2.3068e+005

j =   6.0587e+010
theta =

  1.6684e+004
  5.1015e+003
  2.5977e+003

hTheta =

  -3.8313e+005
  -3.1637e+005
  -3.5033e+005
  -2.2306e+005
  -5.1397e+005
  -2.8048e+005
  -3.0179e+005
  -1.8658e+005
  -1.9988e+005
  -2.2965e+005
  -2.2087e+005
  -3.3090e+005
  -3.1461e+005
  -6.6107e+005
  -2.4850e+005
  -4.2846e+005
  -2.9158e+005
  -1.8871e+005
  -4.7658e+005
  -5.7287e+005
  -2.3830e+005
  -2.4303e+005
  -2.2934e+005
  -2.4063e+005
  -5.4567e+005
  -2.3958e+005
  -4.5188e+005
  -4.4953e+005
  -4.5762e+005
  -2.7971e+005
  -3.3825e+005
  -1.6705e+005
  -2.9513e+005
  -5.5650e+005
  -2.6760e+005
  -2.3742e+005
  -2.1869e+005
  -3.2464e+005
  -5.1527e+005
  -2.6645e+005
  -3.5797e+005
  -3.1227e+005
  -2.9085e+005
  -2.8804e+005
  -1.7458e+005
  -2.8134e+005
  -2.2852e+005

j =   5.9400e+010
theta =

  1.9921e+004
  6.0836e+003
  3.0855e+003

hTheta =

  -3.7988e+005
  -3.1374e+005
  -3.4671e+005
  -2.2130e+005
  -5.0896e+005
  -2.7673e+005
  -2.9924e+005
  -1.8416e+005
  -1.9752e+005
  -2.2715e+005
  -2.1718e+005
  -3.2777e+005
  -3.1162e+005
  -6.5360e+005
  -2.4628e+005
  -4.2432e+005
  -2.8993e+005
  -1.8652e+005
  -4.7206e+005
  -5.6783e+005
  -2.3546e+005
  -2.4069e+005
  -2.2671e+005
  -2.3691e+005
  -5.4021e+005
  -2.3756e+005
  -4.4942e+005
  -4.4575e+005
  -4.5424e+005
  -2.7580e+005
  -3.3596e+005
  -1.6644e+005
  -2.9131e+005
  -5.5197e+005
  -2.6407e+005
  -2.3498e+005
  -2.1650e+005
  -3.2071e+005
  -5.0876e+005
  -2.6248e+005
  -3.5590e+005
  -3.0885e+005
  -2.8638e+005
  -2.8590e+005
  -1.7352e+005
  -2.7775e+005
  -2.2638e+005

j =   5.8238e+010
theta =

  2.3126e+004
  7.0535e+003
  3.5632e+003

hTheta =

  -3.7665e+005
  -3.1113e+005
  -3.4313e+005
  -2.1954e+005
  -5.0402e+005
  -2.7303e+005
  -2.9671e+005
  -1.8176e+005
  -1.9518e+005
  -2.2467e+005
  -2.1353e+005
  -3.2468e+005
  -3.0865e+005
  -6.4622e+005
  -2.4407e+005
  -4.2023e+005
  -2.8830e+005
  -1.8436e+005
  -4.6759e+005
  -5.6284e+005
  -2.3265e+005
  -2.3835e+005
  -2.2409e+005
  -2.3323e+005
  -5.3480e+005
  -2.3557e+005
  -4.4699e+005
  -4.4201e+005
  -4.5090e+005
  -2.7192e+005
  -3.3369e+005
  -1.6582e+005
  -2.8754e+005
  -5.4749e+005
  -2.6057e+005
  -2.3257e+005
  -2.1433e+005
  -3.1682e+005
  -5.0234e+005
  -2.5856e+005
  -3.5384e+005
  -3.0546e+005
  -2.8196e+005
  -2.8378e+005
  -1.7245e+005
  -2.7421e+005
  -2.2425e+005

j =   5.7100e+010
theta =

  2.6299e+004
  8.0113e+003
  4.0309e+003

hTheta =

  -3.7346e+005
  -3.0854e+005
  -3.3958e+005
  -2.1779e+005
  -4.9913e+005
  -2.6936e+005
  -2.9421e+005
  -1.7939e+005
  -1.9286e+005
  -2.2221e+005
  -2.0992e+005
  -3.2161e+005
  -3.0572e+005
  -6.3894e+005
  -2.4189e+005
  -4.1619e+005
  -2.8666e+005
  -1.8221e+005
  -4.6317e+005
  -5.5792e+005
  -2.2986e+005
  -2.3604e+005
  -2.2150e+005
  -2.2960e+005
  -5.2946e+005
  -2.3358e+005
  -4.4457e+005
  -4.3831e+005
  -4.4759e+005
  -2.6809e+005
  -3.3143e+005
  -1.6518e+005
  -2.8381e+005
  -5.4305e+005
  -2.5712e+005
  -2.3019e+005
  -2.1218e+005
  -3.1298e+005
  -4.9598e+005
  -2.5468e+005
  -3.5179e+005
  -3.0211e+005
  -2.7760e+005
  -2.8167e+005
  -1.7138e+005
  -2.7070e+005
  -2.2214e+005

j =   5.5986e+010
theta =

  2.9440e+004
  8.9571e+003
  4.4888e+003

hTheta =

  -3.7030e+005
  -3.0598e+005
  -3.3606e+005
  -2.1605e+005
  -4.9430e+005
  -2.6574e+005
  -2.9172e+005
  -1.7703e+005
  -1.9056e+005
  -2.1978e+005
  -2.0635e+005
  -3.1857e+005
  -3.0281e+005
  -6.3174e+005
  -2.3972e+005
  -4.1219e+005
  -2.8503e+005
  -1.8008e+005
  -4.5881e+005
  -5.5305e+005
  -2.2710e+005
  -2.3373e+005
  -2.1894e+005
  -2.2600e+005
  -5.2417e+005
  -2.3162e+005
  -4.4218e+005
  -4.3464e+005
  -4.4432e+005
  -2.6429e+005
  -3.2919e+005
  -1.6454e+005
  -2.8012e+005
  -5.3866e+005
  -2.5370e+005
  -2.2782e+005
  -2.1005e+005
  -3.0919e+005
  -4.8971e+005
  -2.5085e+005
  -3.4976e+005
  -2.9879e+005
  -2.7328e+005
  -2.7959e+005
  -1.7031e+005
  -2.6724e+005
  -2.2005e+005

j =   5.4894e+010
theta =

  3.2550e+004
  9.8912e+003
  4.9370e+003

hTheta =

  -3.6717e+005
  -3.0344e+005
  -3.3258e+005
  -2.1432e+005
  -4.8953e+005
  -2.6216e+005
  -2.8926e+005
  -1.7469e+005
  -1.8828e+005
  -2.1736e+005
  -2.0282e+005
  -3.1556e+005
  -2.9993e+005
  -6.2465e+005
  -2.3757e+005
  -4.0824e+005
  -2.8341e+005
  -1.7797e+005
  -4.5449e+005
  -5.4824e+005
  -2.2436e+005
  -2.3144e+005
  -2.1639e+005
  -2.2245e+005
  -5.1894e+005
  -2.2966e+005
  -4.3981e+005
  -4.3102e+005
  -4.4107e+005
  -2.6053e+005
  -3.2695e+005
  -1.6388e+005
  -2.7648e+005
  -5.3431e+005
  -2.5033e+005
  -2.2547e+005
  -2.0793e+005
  -3.0543e+005
  -4.8351e+005
  -2.4706e+005
  -3.4773e+005
  -2.9550e+005
  -2.6902e+005
  -2.7752e+005
  -1.6924e+005
  -2.6382e+005
  -2.1798e+005

j =   5.3825e+010
theta =

  3.5628e+004
  1.0814e+004
  5.3757e+003

